 fitted spectra
 nl:         342
 Time explicit
 Intervalnr            1
           1
   380.882660       8.88946915    
   382.343079       8.69091320    
   383.802979       8.68518543    
   385.262451       8.57937717    
   386.721466       8.36890411    
   388.179993       8.12878895    
   389.638062       7.89142036    
   391.095642       7.79444933    
   392.552765       7.64808512    
   394.009430       7.19703913    
   395.465637       6.95684052    
   396.921356       6.38591242    
   398.376617       6.14412975    
   399.831421       5.82727671    
   401.285767       5.22424650    
   402.739624       4.45744848    
   404.192993       4.05916357    
   405.645935       3.34091377    
   407.098389       2.77114487    
   408.550385       2.12011194    
   410.001892       1.22436368    
   411.452942      0.694887996    
   412.903564      0.668454528    
   414.353668      0.196037814    
   415.803345       2.05940586E-02
   417.252502       2.99808905E-02
   418.701233      -2.42457949E-02
   420.149475     -0.380516589    
   421.597290     -0.487090498    
   423.044617     -0.963964105    
   424.491455      -1.33631301    
   425.937836      -1.72337401    
   427.383759      -2.32355547    
   428.829224      -2.83436346    
   430.274200      -3.52447772    
   431.718719      -3.98093534    
   433.162781      -4.49179697    
   434.606384      -4.56782103    
   436.049500      -4.55799341    
   437.492126      -4.38058376    
   438.934326      -3.81677389    
   440.376038      -3.08471322    
   441.817261      -2.46518373    
   443.258057      -1.48625243    
   444.698364     -0.583752573    
   446.138214      0.212172881    
   447.577606       1.02733290    
   449.016510       1.70358276    
   450.454956       2.44299078    
   451.892944       2.63479042    
   453.330444       3.12780857    
   454.767487       3.38435483    
   456.204071       3.69069743    
   457.640198       3.82834792    
   459.075836       4.09274244    
   460.511017       4.08574343    
   461.945709       4.19777393    
   463.379944       4.44431448    
   464.813721       4.45802402    
   466.247040       4.47457600    
   467.679871       4.46128082    
   469.112244       4.47322559    
   470.544189       4.52645206    
   471.975616       4.49711370    
   473.406586       4.51158237    
   474.837097       4.38925457    
   476.267120       4.22187853    
   477.696716       4.15912437    
   479.125793       4.02593660    
   480.554443       4.08370209    
   481.982605       3.79472947    
   483.410339       3.78352737    
   484.837585       3.95326471    
   486.264343       3.68119383    
   487.690643       3.71171403    
   489.116455       3.72012401    
   490.541840       3.64430547    
   491.966736       3.74186563    
   493.391174       3.67121434    
   494.815125       3.79219294    
   496.238647       3.62813330    
   497.661682       3.68059301    
   499.084229       3.59082723    
   500.506348       3.52561975    
   501.927979       3.71794152    
   503.349121       3.58406496    
   504.769836       3.62364793    
   506.190063       3.48486495    
   507.609833       3.68488574    
   509.029114       3.45897770    
   510.447968       3.58172488    
   511.866333       3.53346968    
   513.284180       3.62513781    
   514.701660       3.60587788    
   516.118591       3.53985882    
   517.535095       3.57885909    
   518.951111       3.62467527    
   520.366699       3.70895076    
   521.781799       3.56355214    
   523.196411       3.64461422    
   524.610535       3.61061025    
   526.024231       3.48930454    
   527.437500       3.44698000    
   528.850220       3.57310486    
   530.262512       3.45843506    
   531.674377       3.37535214    
   533.085693       3.28957772    
   534.496582       3.24014068    
   535.907043       3.20069647    
   537.316956       3.18550658    
   538.726440       3.12442470    
   540.135498       2.99154806    
   541.544067       2.93300843    
   542.952148       2.86084604    
   544.359741       2.81067061    
   545.766907       2.71017861    
   547.173584       2.72698760    
   548.579834       2.52621818    
   549.985596       2.41081333    
   551.390869       2.38495350    
   552.795654       2.34492660    
   554.200012       2.20772648    
   555.603882       2.13939357    
   557.007324       1.90883720    
   558.410278       1.88663375    
   559.812744       1.83376956    
   561.214783       1.72690761    
   562.616333       1.55573559    
   564.017395       1.53093135    
   565.417969       1.50634432    
   566.818115       1.24580014    
   568.217834       1.12321544    
   569.617065      0.999212027    
   571.015808      0.946506917    
   572.414062      0.784241915    
   573.811890      0.635645986    
   575.209229      0.469933212    
   576.606079      0.364756703    
   578.002502      0.161837712    
   579.398438       7.29143247E-02
   580.793945     -0.118368283    
   582.188965     -0.242132008    
   583.583496     -0.318961769    
   584.977539     -0.401149720    
   586.371155     -0.618312657    
   587.764282     -0.809181392    
   589.156982     -0.924091876    
   590.549194     -0.972855568    
   591.940918      -1.12933493    
   593.332214      -1.19659173    
   594.723022      -1.22454238    
   596.113342      -1.46940398    
   597.503174      -1.55194926    
   598.892578      -1.61652029    
   600.281555      -1.72764397    