# Filename: RPSADS.ascii
 
Time explicit
Intervalnr 1
-0.000950000016
3.8088266000e+02	4.2896971567e-03
3.8234307900e+02	2.6293114704e-03
3.8380297900e+02	4.2275876616e-03
3.8526245100e+02	3.0573130308e-03
3.8672146600e+02	3.3566211157e-03
3.8817999300e+02	2.9946772765e-03
3.8963806200e+02	2.9207265607e-03
3.9109564200e+02	3.0449610883e-03
3.9255276500e+02	3.2634265444e-03
3.9400943000e+02	3.7246490927e-03
3.9546563700e+02	2.9202220386e-03
3.9692135600e+02	3.3446209510e-03
3.9837661700e+02	3.1518780035e-03
3.9983142100e+02	2.8053018925e-03
4.0128576700e+02	3.3609231571e-03
4.0273962400e+02	3.3568678815e-03
4.0419299300e+02	3.8975009369e-03
4.0564593500e+02	3.8294943478e-03
4.0709838900e+02	3.6180848154e-03
4.0855038500e+02	3.8566565940e-03
4.1000189200e+02	2.9140776934e-03
4.1145294200e+02	2.5903972809e-03
4.1290356400e+02	3.2938023939e-03
4.1435366800e+02	3.5235219390e-03
4.1580334500e+02	2.7902147274e-03
4.1725250200e+02	2.6780495518e-03
4.1870123300e+02	2.4066379653e-03
4.2014947500e+02	1.8040554968e-03
4.2159729000e+02	1.6883702598e-03
4.2304461700e+02	7.2719225119e-04
4.2449145500e+02	7.1202649558e-04
4.2593783600e+02	3.4115761749e-04
4.2738375900e+02	2.3250166834e-05
4.2882922400e+02	1.2544417672e-07
4.3027420000e+02	-8.5634288867e-05
4.3171871900e+02	-3.3070989501e-04
4.3316278100e+02	-2.0678787348e-04
4.3460638400e+02	2.4353378589e-04
4.3604950000e+02	1.9673577446e-04
4.3749212600e+02	-2.2359996632e-04
4.3893432600e+02	1.7242575063e-04
4.4037603800e+02	-7.5282979616e-05
4.4181726100e+02	-1.5713058307e-03
4.4325805700e+02	-2.0779484186e-03
4.4469836400e+02	-3.9403504684e-03
4.4613821400e+02	-5.6829894229e-03
4.4757760600e+02	-7.5979312638e-03
4.4901651000e+02	-1.0095837186e-02
4.5045495600e+02	-7.4773632884e-03
4.5189294400e+02	-9.7231391827e-03
4.5333044400e+02	-1.1133357909e-02
4.5476748700e+02	-1.3397173595e-02
4.5620407100e+02	-1.4748476844e-02
4.5764019800e+02	-1.4439478602e-02
4.5907583600e+02	-1.6379605868e-02
4.6051101700e+02	-1.6762388452e-02
4.6194570900e+02	-1.6999682453e-02
4.6337994400e+02	-1.5864026838e-02
4.6481372100e+02	-1.5320890186e-02
4.6624704000e+02	-1.4025848955e-02
4.6767987100e+02	-1.3219242556e-02
4.6911224400e+02	-1.2181772931e-02
4.7054418900e+02	-1.2322495641e-02
4.7197561600e+02	-1.2987690317e-02
4.7340658600e+02	-1.4822644917e-02
4.7483709700e+02	-1.6850520959e-02
4.7626712000e+02	-2.0513401753e-02
4.7769671600e+02	-2.3005736082e-02
4.7912579300e+02	-2.7421387256e-02
4.8055444300e+02	-3.3672590538e-02
4.8198260500e+02	-3.7908545848e-02
4.8341033900e+02	-4.3240987205e-02
4.8483758500e+02	-4.8423829671e-02
4.8626434300e+02	-5.5066312082e-02
4.8769064300e+02	-6.1249057025e-02
4.8911645500e+02	-6.4777581560e-02
4.9054184000e+02	-6.4228375528e-02
4.9196673600e+02	-6.3633917962e-02
4.9339117400e+02	-6.1996324510e-02
4.9481512500e+02	-5.7029375580e-02
4.9623864700e+02	-5.2172218849e-02
4.9766168200e+02	-4.6849915455e-02
4.9908422900e+02	-3.9742900218e-02
5.0050634800e+02	-2.1670833793e-02
5.0192797900e+02	-1.8796013837e-02
5.0334912100e+02	-1.6988937838e-02
5.0476983600e+02	-1.7932242354e-02
5.0619006300e+02	-1.9668498639e-02
5.0760983300e+02	-2.2123297412e-02
5.0902911400e+02	-2.6009266232e-02
5.1044796800e+02	-2.9688856503e-02
5.1186633300e+02	-3.6300083129e-02
5.1328418000e+02	-4.0730944996e-02
5.1470166000e+02	-4.7883890845e-02
5.1611859100e+02	-5.2761537353e-02
5.1753509500e+02	-6.0418827721e-02
5.1895111100e+02	-7.4047266405e-02
5.2036669900e+02	-8.6260931707e-02
5.2178179900e+02	-8.7335007100e-02
5.2319641100e+02	-1.1122071349e-01
5.2461053500e+02	-1.0630057493e-01
5.2602423100e+02	-1.3188819598e-01
5.2743750000e+02	-1.2889198644e-01
5.2885022000e+02	-9.2161221396e-02
5.3026251200e+02	-9.8136264128e-02
5.3167437700e+02	-8.2791127939e-02
5.3308569300e+02	-7.4650666385e-02
5.3449658200e+02	-5.2716540102e-02
5.3590704300e+02	-4.1121419415e-02
5.3731695600e+02	-2.9379280236e-02
5.3872644000e+02	-2.7944770926e-02
5.4013549800e+02	-1.8746249722e-02
5.4154406700e+02	-1.5120848427e-02
5.4295214800e+02	-1.2785341761e-02
5.4435974100e+02	-7.6477296831e-03
5.4576690700e+02	-6.3445005123e-03
5.4717358400e+02	-5.1834304987e-03
5.4857983400e+02	-4.6716137836e-03
5.4998559600e+02	-5.0782079892e-03
5.5139086900e+02	-4.5181921346e-03
5.5279565400e+02	-1.8082710080e-03
5.5420001200e+02	-2.4890130780e-03
5.5560388200e+02	-2.2068929943e-03
5.5700732400e+02	-8.5087133555e-04
5.5841027800e+02	1.4625651004e-03
5.5981274400e+02	1.9392510093e-03
5.6121478300e+02	2.6536348982e-03
5.6261633300e+02	2.6914921729e-03
5.6401739500e+02	4.6661208197e-03
5.6541796900e+02	5.5789878984e-03
5.6681811500e+02	4.6614224936e-03
5.6821783400e+02	5.8244153692e-03
5.6961706500e+02	5.5173906390e-03
5.7101580800e+02	5.6360960193e-03
5.7241406200e+02	2.6485569258e-03
5.7381189000e+02	3.2468007672e-03
5.7520922900e+02	2.3352810100e-03
5.7660607900e+02	9.2466378924e-04
5.7800250200e+02	5.1195152629e-04
5.7939843800e+02	-1.1072713776e-03
5.8079394500e+02	-1.6577440227e-03
5.8218896500e+02	-1.1486962660e-03
5.8358349600e+02	-2.3141784642e-03
5.8497753900e+02	-3.0443803881e-03
5.8637115500e+02	-3.0735385942e-03
5.8776428200e+02	1.5973773247e-05
5.8915698200e+02	6.6531025482e-05
5.9054919400e+02	-1.0544235505e-03
5.9194091800e+02	1.0414196650e-03
5.9333221400e+02	1.9736640147e-03
5.9472302200e+02	1.2426664126e-03
5.9611334200e+02	1.8416526096e-03
5.9750317400e+02	1.9188418079e-03
5.9889257800e+02	2.7028886387e-03
6.0028155500e+02	4.0021001631e-03
6.0167004400e+02	4.0529088589e-03
6.0305804400e+02	5.8750125864e-03
6.0444555700e+02	5.3026703711e-03
6.0583264200e+02	6.3720482206e-03
6.0721923800e+02	6.4566820733e-03
6.0860534700e+02	6.3727999279e-03
6.0999102800e+02	8.4891017673e-03
6.1137622100e+02	9.2389175643e-03
6.1276098600e+02	1.0836674350e-02
6.1414526400e+02	1.0792999852e-02
6.1552905300e+02	1.0023085013e-02
6.1691235400e+02	1.0969246509e-02
6.1829522700e+02	1.3175396091e-02
6.1967761200e+02	1.1771201593e-02
6.2105957000e+02	1.2409867473e-02
6.2244104000e+02	1.5105922784e-02
6.2382202100e+02	1.5318835847e-02
6.2520257600e+02	1.3968231719e-02
6.2658264200e+02	1.4749748408e-02
6.2796221900e+02	1.6821780605e-02
6.2934130900e+02	1.8948923277e-02
6.3071997100e+02	1.9724480213e-02
6.3209820600e+02	1.8105813585e-02
6.3347589100e+02	1.9873174936e-02
6.3485314900e+02	1.9239844985e-02
6.3622998000e+02	1.9849000901e-02
6.3760632300e+02	2.0948881082e-02
6.3898217800e+02	2.2108316301e-02
6.4035754400e+02	2.7608683249e-02
6.4173248300e+02	2.6589431362e-02
6.4310693400e+02	2.6746880541e-02
6.4448089600e+02	2.7368583997e-02
6.4585443100e+02	2.9662731231e-02
6.4722747800e+02	3.2493277924e-02
6.4860009800e+02	3.3453291378e-02
6.4997222900e+02	3.6665118321e-02
6.5134387200e+02	3.7236523305e-02
6.5271502700e+02	3.7139300387e-02
6.5408575400e+02	3.5961524561e-02
6.5545605500e+02	3.8028750110e-02
6.5682580600e+02	3.8029330298e-02
6.5819512900e+02	3.7213028035e-02
6.5956396500e+02	4.2786258516e-02
6.6093237300e+02	4.4116926294e-02
6.6230029300e+02	4.4141288251e-02
6.6366772500e+02	4.4798014957e-02
6.6503472900e+02	4.9268920001e-02
6.6640124500e+02	4.8715070837e-02
6.6776733400e+02	4.7881663859e-02
6.6913287400e+02	5.0461526201e-02
6.7049798600e+02	5.0912373698e-02
6.7186267100e+02	5.0941229257e-02
6.7322680700e+02	5.2349400569e-02
6.7459051500e+02	5.6100812210e-02
6.7595379600e+02	5.9067579851e-02
6.7731652800e+02	5.9973188168e-02
6.7867889400e+02	6.1871883900e-02
6.8004071000e+02	6.3015619402e-02
6.8140210000e+02	6.1757954572e-02
6.8276300000e+02	6.4608752760e-02
6.8412347400e+02	6.8047236314e-02
6.8548345900e+02	7.2566456397e-02
6.8684295700e+02	7.3299455835e-02
6.8820202600e+02	7.7551962280e-02
6.8956060800e+02	7.9838585551e-02
6.9091870100e+02	8.2138188936e-02
6.9227636700e+02	8.0651861891e-02
6.9363354500e+02	8.4887992961e-02
6.9499023400e+02	8.4190589954e-02
6.9634649700e+02	9.2318194924e-02
6.9770227100e+02	9.5927112287e-02
6.9905755600e+02	1.0351612998e-01
7.0041241500e+02	1.0523151836e-01
7.0176678500e+02	1.0758575077e-01
7.0312066700e+02	1.1274662430e-01
7.0447412100e+02	1.0471199176e-01
7.0582708700e+02	1.0335779633e-01
7.0717956500e+02	1.1609721392e-01
7.0853161600e+02	1.2362712857e-01
7.0988317900e+02	1.2187646168e-01
7.1123431400e+02	1.2508432292e-01
7.1258490000e+02	1.2387504523e-01
7.1393512000e+02	1.2797844173e-01
7.1528479000e+02	1.2010681863e-01
7.1663403300e+02	1.1494262118e-01
7.1798278800e+02	1.1845067766e-01
7.1933111600e+02	1.1444379759e-01
7.2067895500e+02	1.1373402623e-01
7.2202630600e+02	1.1254491043e-01
7.2337323000e+02	1.1144574778e-01
7.2471966600e+02	1.1136571805e-01
7.2606561300e+02	1.1092025037e-01
7.2741113300e+02	1.0936405762e-01
7.2875616500e+02	1.1493083658e-01
7.3010070800e+02	1.1860617040e-01
7.3144482400e+02	1.0724913930e-01
7.3278845200e+02	1.0157785864e-01
7.3413159200e+02	9.8267993073e-02
7.3547430400e+02	9.5108419322e-02
7.3681652800e+02	9.4624471698e-02
7.3815832500e+02	9.9106412094e-02
7.3949963400e+02	9.9833097509e-02
7.4084045400e+02	9.5783897494e-02
7.4218078600e+02	9.1102395616e-02
7.4352069100e+02	8.5352236618e-02
7.4486010700e+02	9.0974397357e-02
7.4619903600e+02	8.5998719149e-02
7.4753753700e+02	8.3787867253e-02
7.4887561000e+02	7.7390189395e-02
7.5021313500e+02	7.0766727745e-02
7.5155023200e+02	6.7783400569e-02
7.5288684100e+02	7.1637788397e-02
7.5422302200e+02	6.9218799992e-02
7.5555871600e+02	6.6888080015e-02
7.5689392100e+02	6.2910830943e-02
7.5822869900e+02	5.3433102826e-02
7.5956298800e+02	5.2991012526e-02
7.6089679000e+02	5.0782812219e-02
7.6223016400e+02	4.8664725237e-02
7.6356304900e+02	4.8264912021e-02
7.6489544700e+02	4.0314449930e-02
7.6622741700e+02	4.1742728756e-02
7.6755889900e+02	4.4763215986e-02
7.6888989300e+02	4.2810811323e-02
7.7022045900e+02	4.3747006120e-02
7.7155053700e+02	3.8898690554e-02
7.7288018800e+02	4.2884675083e-02
7.7420935100e+02	4.3963639581e-02
7.7553802500e+02	4.7311873769e-02
7.7686621100e+02	4.6371070160e-02
7.7819397000e+02	4.4944422556e-02
7.7952130100e+02	4.2408618142e-02
7.8084808300e+02	4.1452633777e-02
7.8217443800e+02	3.8848356700e-02
7.8350030500e+02	4.0166563258e-02
7.8482574500e+02	4.0681633394e-02
7.8615069600e+02	4.0908181861e-02
7.8747515900e+02	4.1919832806e-02
7.8879919400e+02	4.6075405887e-02
7.9012274200e+02	4.7775081462e-02
7.9144580100e+02	5.0268212913e-02
7.9276843300e+02	4.7335894955e-02
7.9409057600e+02	4.7707697812e-02
7.9541223100e+02	4.6613962310e-02
7.9673345900e+02	4.1302474252e-02
7.9805419900e+02	3.9575758569e-02
7.9937451200e+02	4.1090334070e-02
