# Filename: tripletSADS.ascii
 
Time explicit
Intervalnr 1
-0.000950000016
4.2014947500e+02	3.7769046368e-01
4.2159729000e+02	-1.6892370318e-02
4.2304461700e+02	4.2318109825e-01
4.2449145500e+02	1.6345557347e-01
4.2593783600e+02	4.1483652790e-01
4.2738375900e+02	3.6885479671e-01
4.2882922400e+02	6.1116186324e-01
4.3027420000e+02	4.6340358219e-01
4.3171871900e+02	3.9800702599e-01
4.3316278100e+02	3.2639232297e-01
4.3460638400e+02	6.3448060729e-01
4.3604950000e+02	6.0835165470e-01
4.3749212600e+02	5.5379101479e-01
4.3893432600e+02	7.7853590704e-01
4.4037603800e+02	5.5016181998e-01
4.4181726100e+02	4.9043159375e-01
4.4325805700e+02	7.5507889245e-01
4.4469836400e+02	4.7316298592e-01
4.4613821400e+02	7.3409176002e-01
4.4757760600e+02	3.4989514117e-01
4.4901651000e+02	5.2680495112e-01
4.5045495600e+02	5.5460162626e-01
4.5189294400e+02	3.0967955376e-01
4.5333044400e+02	3.8816723893e-01
4.5476748700e+02	2.6345873882e-01
4.5620407100e+02	3.2375213642e-01
4.5764019800e+02	5.8325547609e-02
4.5907583600e+02	5.5690430542e-01
4.6051101700e+02	4.5732556645e-01
4.6194570900e+02	2.4208301488e-01
4.6337994400e+02	3.6881502074e-01
4.6481372100e+02	5.4934544020e-01
4.6624704000e+02	8.1293697587e-01
4.6767987100e+02	8.5800465962e-01
4.6911224400e+02	8.2366510518e-01
4.7054418900e+02	5.3153934149e-01
4.7197561600e+02	1.0833835709e+00
4.7340658600e+02	1.0249061399e+00
4.7483709700e+02	7.7016919412e-01
4.7626712000e+02	5.6819866762e-01
4.7769671600e+02	1.0465227114e+00
4.7912579300e+02	7.1766112159e-01
4.8055444300e+02	7.9424708144e-01
4.8198260500e+02	4.8872744479e-01
4.8341033900e+02	5.6387106488e-01
4.8483758500e+02	4.6797263252e-01
4.8626434300e+02	-4.2435357647e-02
4.8769064300e+02	1.8297132823e-01
4.8911645500e+02	-1.5897823282e-01
4.9054184000e+02	-2.2731744244e-01
4.9196673600e+02	-1.2141847556e-01
4.9339117400e+02	8.1388524997e-02
4.9481512500e+02	-2.3523641045e-02
4.9623864700e+02	2.4266372249e-01
4.9766168200e+02	3.5125286828e-01
4.9908422900e+02	4.4097575954e-01
5.0050634800e+02	6.6788185152e-01
5.0192797900e+02	9.2263874312e-01
5.0334912100e+02	1.1596607340e+00
5.0476983600e+02	1.0407824936e+00
5.0619006300e+02	1.3733921611e+00
5.0760983300e+02	1.2081417156e+00
5.0902911400e+02	1.3183641584e+00
5.1044796800e+02	8.4158542889e-01
5.1186633300e+02	7.8328075304e-01
5.1328418000e+02	4.7623914571e-01
5.1470166000e+02	4.1500962914e-01
5.1611859100e+02	9.2927571380e-02
5.1753509500e+02	-1.6704806357e-01
5.1895111100e+02	-5.2364531376e-01
5.2036669900e+02	-1.2306728921e+00
5.2178179900e+02	-9.2742895625e-01
5.2319641100e+02	-1.3933743844e+00
5.2461053500e+02	-2.0257566590e+00
5.2602423100e+02	-3.3929895040e+00
5.2743750000e+02	-2.9128778106e+00
5.2885022000e+02	-2.7331810047e+00
5.3026251200e+02	-2.9678325548e+00
5.3167437700e+02	-3.0122886395e+00
5.3308569300e+02	-2.9799432521e+00
5.3449658200e+02	-2.4869809019e+00
5.3590704300e+02	-2.3580771902e+00
5.3731695600e+02	-1.9940600094e+00
5.3872644000e+02	-1.1049594259e+00
5.4013549800e+02	-4.6842812921e-01
5.4154406700e+02	-4.9471468447e-01
5.4295214800e+02	-1.5853436355e-01
5.4435974100e+02	1.5566369840e-01
5.4576690700e+02	3.4315654025e-01
5.4717358400e+02	4.7676916691e-01
5.4857983400e+02	5.5978289877e-01
5.4998559600e+02	4.7755591952e-01
5.5139086900e+02	7.0389933657e-01
5.5279565400e+02	6.4462710510e-01
5.5420001200e+02	5.4599983210e-01
5.5560388200e+02	3.6981611602e-01
5.5700732400e+02	5.3787895435e-01
5.5841027800e+02	5.9582260491e-01
5.5981274400e+02	4.7538503709e-01
5.6121478300e+02	5.8331149712e-01
5.6261633300e+02	3.1418627820e-01
5.6401739500e+02	2.7901880467e-01
5.6541796900e+02	2.1715605449e-01
5.6681811500e+02	-2.0052211164e-02
5.6821783400e+02	-3.6124337423e-02
5.6961706500e+02	3.8008549288e-02
5.7101580800e+02	-4.5261006490e-02
5.7241406200e+02	-1.9672729260e-01
5.7381189000e+02	-1.1993812858e-01
5.7520922900e+02	6.4228600753e-02
5.7660607900e+02	-2.8589386704e-01
5.7800250200e+02	-1.4665148714e-01
5.7939843800e+02	-1.0070305065e-01
5.8079394500e+02	-1.9060613278e-01
5.8218896500e+02	-2.1565158763e-01
5.8358349600e+02	-9.5468111967e-02
5.8497753900e+02	-2.5052840023e-02
5.8637115500e+02	1.6136073360e-02
5.8776428200e+02	1.0195312820e-02
5.8915698200e+02	-1.3716707175e-02
